date,M,L,C,KD,S,V,MP,SD
2025-12,17.9,2.3,4.9,4.7,34.7,7.2,5.9,22.4
2025-11,18.8,2.2,4.8,4.3,35.6,7.1,6.0,21.2
2025-10,18.3,2.5,5.3,4.2,34.7,7.2,5.7,22.1
2025-09,18.2,2.6,5.2,4.0,35.4,7.0,5.6,22.0
2025-08,17.9,2.9,5.1,4.2,34.9,7.5,5.9,21.6
2025-07,17.6,3.4,3.4,4.6,33.8,8.8,5.2,23.2
2025-06,18.6,2.7,5.6,3.9,35.8,7.7,5.7,20.0
2025-05,19.1,2.7,5.3,3.7,35.7,7.7,5.8,20.0
2025-04,20.0,2.7,4.3,3.5,36.2,8.1,5.8,19.4
2025-03,19.6,2.9,4.3,4.0,35.1,8.1,5.8,20.2
2025-02,19.6,2.9,4.5,3.5,34.9,7.9,6.1,20.6
2025-01,19.8,2.9,5.0,3.4,34.3,7.6,6.2,20.8
2024-12,19.6,3.2,5.1,3.6,33.6,8.0,6.6,20.3
2024-11,19.9,3.4,4.8,3.7,33.9,8.0,6.2,20.1
2024-10,19.8,3.4,5.4,3.9,33.3,8.2,6.1,19.9
2024-09,20.0,3.5,4.8,3.5,33.3,8.7,6.2,20.0
2024-08,19.8,3.2,5.0,3.7,33.7,8.6,6.3,19.7
2024-07,19.6,3.3,5.1,3.8,33.3,8.9,6.2,19.8
2024-06,19.4,3.3,5.1,3.8,33.4,9.2,6.0,19.8
2024-05,19.4,3.2,4.5,3.7,34.6,8.1,5.6,20.9
2024-04,20.4,3.2,4.5,3.4,34.8,8.1,5.0,20.6
2024-03,19.8,3.4,4.3,3.3,35.6,8.3,4.5,20.8
2024-02,18.6,3.2,4.3,3.6,36.2,7.9,4.5,21.7
2024-01,18.2,3.1,4.4,3.6,36.4,7.8,4.5,22.0
2023-12,17.4,2.9,4.2,3.3,36.7,7.9,4.6,23.0
2023-11,17.9,2.8,4.1,3.3,37.6,7.8,4.5,22.0
2023-10,18.1,2.9,4.4,3.3,37.8,7.9,4.5,21.1
2023-09,19.3,3.0,4.2,3.4,38.0,7.8,4.7,19.6
2023-08,19.6,3.1,4.9,3.8,37.7,7.9,4.5,18.5
2023-07,20.8,3.0,4.6,3.7,36.3,8.2,3.7,19.7
2023-06,20.0,3.5,4.6,3.8,37.3,7.9,4.2,18.7
2023-05,19.9,3.1,4.5,3.9,37.5,8.2,4.3,18.6
2023-04,20.3,3.6,4.5,3.7,37.3,7.7,4.2,18.7
2023-03,20.2,3.5,4.4,4.2,37.4,7.7,4.1,18.5
2023-02,20.0,3.3,4.8,4.3,36.8,7.7,4.5,18.6
2023-01,19.3,3.7,5.5,4.4,35.7,8.0,4.1,19.3
2022-12,19.2,3.8,5.9,4.7,35.3,7.7,4.4,19.0
2022-11,20.5,3.8,5.8,4.7,33.1,8.2,4.6,19.3
2022-10,20.3,4.4,5.9,5.0,31.8,7.5,4.5,20.6
2022-09,17.7,5.3,7.6,6.0,29.4,7.7,5.8,20.5
2022-08,18.4,5.6,6.7,6.1,30.2,8.2,5.3,19.5
2022-07,20.2,5.2,6.2,6.4,31.7,9.1,4.1,17.1
2022-06,20.8,4.1,6.3,6.1,32.9,8.4,3.4,18.0
2022-05,21.8,3.2,6.5,6.0,32.1,8.5,3.1,18.8
2022-04,21.8,2.5,7.0,5.4,32.9,8.7,3.3,18.4
2022-03,21.8,2.3,7.1,5.5,32.8,8.6,2.9,19.0
2022-02,21.2,2.9,7.3,5.4,29.8,10.2,3.4,19.8
2022-01,21.1,3.0,7.2,5.1,31.3,9.9,3.1,19.3
2021-12,21.5,2.7,7.6,5.2,30.2,9.5,3.7,19.6
2021-11,22.2,2.8,8.5,4.9,27.4,10.2,4.0,20.0
2021-10,22.5,2.9,8.1,5.1,26.2,10.6,3.9,20.7
2021-09,22.0,2.5,8.6,5.3,26.0,10.8,4.1,20.7
2021-08,21.6,3.1,8.5,5.0,24.5,11.4,4.4,21.5
2021-07,21.5,3.4,8.7,5.7,24.7,11.0,3.9,21.1
2021-06,22.6,2.6,9.6,5.6,26.1,10.0,3.7,19.8
2021-05,22.2,3.0,9.8,5.3,26.9,9.3,4.1,19.4
2021-04,22.1,3.2,8.5,5.0,27.4,9.5,4.4,19.9
2021-03,23.6,3.0,8.9,4.6,27.1,9.9,4.1,18.8
2021-02,23.7,2.9,8.8,4.9,27.2,10.1,3.8,18.6
2021-01,22.6,2.9,8.3,5.1,27.4,10.1,4.0,19.6
2020-12,22.4,2.9,8.0,5.5,28.0,10.1,4.0,19.1
2020-11,21.6,3.1,8.3,5.7,26.5,10.4,4.0,20.4
2020-10,21.0,3.3,8.4,6.1,26.5,10.1,4.4,20.2
2020-09,21.4,3.3,8.2,6.0,27.4,8.9,4.0,20.8
2020-08,21.1,3.6,7.9,6.1,28.1,9.2,3.8,20.2
2020-07,21.1,3.1,7.9,5.8,28.4,8.1,4.4,21.2
2020-06,20.1,3.3,7.3,6.5,31.1,9.2,3.7,18.8
2020-05,19.4,3.3,7.6,6.1,31.7,9.1,3.8,19.0
2020-04,19.2,3.5,7.6,6.1,30.1,9.2,3.8,20.5
2020-03,18.6,4.1,8.4,6.9,24.3,11.0,4.1,22.6
2020-02,18.2,4.0,8.3,6.3,23.7,11.1,4.3,24.1
2020-01,18.0,3.6,8.9,6.5,23.9,10.3,4.5,24.3
2019-12,17.7,4.0,8.1,6.3,25.1,9.4,4.9,24.5
2019-11,17.7,3.5,8.2,7.7,24.7,9.6,4.9,23.7
2019-10,18.5,3.9,8.6,6.9,25.2,9.1,5.0,22.8
2019-09,19.5,4.1,8.7,7.0,25.5,8.9,5.0,21.3
2019-08,19.0,4.1,9.1,7.8,26.6,9.0,4.9,19.5
2019-07,17.7,4.8,9.6,8.6,26.3,8.5,5.2,19.3
2019-06,17.8,3.9,8.6,10.4,26.8,9.0,5.3,18.2
2019-05,16.8,3.7,8.7,11.5,27.1,9.1,4.5,18.6
2019-04,16.7,3.7,8.0,11.8,27.3,9.4,4.3,18.8
2019-03,17.9,3.5,8.3,10.1,27.6,9.6,3.9,19.1
2019-02,18.0,3.4,7.9,8.4,28.6,9.7,3.9,20.1
2019-01,19.0,3.9,7.6,7.6,30.1,8.6,3.9,19.3
2018-12,19.0,4.0,8.3,6.5,30.5,8.0,4.1,19.6
2018-11,18.8,4.2,9.3,6.3,29.5,8.0,4.1,19.8
2018-10,19.3,5.0,9.0,6.1,29.6,8.0,4.3,18.7
2018-09,18.1,6.1,9.0,6.7,25.7,10.3,5.4,18.7
2018-08,18.7,5.8,9.3,5.0,25.6,9.9,5.8,19.9
2018-07,19.5,5.2,9.0,3.4,24.5,10.3,4.9,23.2
2018-06,21.4,5.0,9.9,3.1,25.9,9.3,4.4,21.0
2018-05,22.8,4.7,9.1,3.7,26.5,9.0,4.2,20.0
2018-04,23.3,4.7,9.8,3.7,28.2,8.3,4.3,17.7
2018-03,23.2,4.7,9.6,3.6,28.9,8.1,4.0,17.9
2018-02,24.1,4.9,10.2,3.0,28.3,8.0,4.2,17.3
2018-01,24.5,4.8,9.3,3.1,28.8,7.8,4.2,17.5
2017-12,22.8,4.9,10.1,3.2,30.4,7.5,4.1,17.0
2017-11,22.1,5.1,10.8,3.4,29.9,7.5,4.5,16.7
2017-10,19.0,5.6,12.1,3.4,30.8,8.0,3.9,17.2
2017-09,17.4,5.2,12.2,3.8,30.1,7.4,4.4,19.5
2017-08,16.6,5.9,12.6,3.8,30.0,7.2,4.2,19.7
2017-07,17.0,5.6,12.4,3.5,27.3,7.8,3.9,22.5
2017-06,16.8,6.0,13.3,3.2,28.7,8.0,4.1,19.9
2017-05,17.6,5.5,12.8,3.7,29.0,7.5,3.8,20.1
2017-04,17.4,5.5,13.0,3.6,28.8,7.6,3.9,20.2
2017-03,17.9,5.8,13.0,3.3,27.1,7.9,4.1,20.9
2017-02,19.7,5.5,11.8,3.6,27.0,7.9,4.4,20.1
2017-01,22.7,5.5,9.7,3.2,26.9,8.1,4.6,19.3
2016-12,22.4,5.6,8.7,3.5,28.1,7.9,4.6,19.2
2016-11,23.6,5.7,8.5,3.2,26.8,8.0,4.5,19.7
2016-10,23.9,5.8,8.2,3.4,26.4,8.0,4.4,19.9
2016-09,24.8,5.0,7.8,3.4,26.7,8.0,4.5,19.8
2016-08,25.5,4.7,7.8,3.6,26.0,8.3,3.9,20.2
2016-07,25.5,5.9,8.2,3.4,26.7,7.9,5.0,17.4
2016-06,26.1,4.9,7.4,3.5,26.7,7.6,4.4,19.4
2016-05,26.0,5.8,6.6,3.8,26.9,7.9,4.5,18.5
2016-04,25.5,5.4,7.0,3.4,26.2,7.7,5.4,19.4
2016-03,25.4,5.0,6.3,3.7,26.3,7.5,5.9,19.9
2016-02,24.9,5.9,7.1,3.7,24.6,7.5,5.6,20.7
2016-01,23.8,5.7,7.5,3.7,24.6,7.3,5.5,21.9
2015-12,22.9,5.8,7.3,3.5,26.2,6.8,5.9,21.6
2015-11,22.9,5.5,7.4,4.0,25.7,6.7,6.3,21.5
2015-10,22.9,5.1,7.6,4.2,26.4,6.8,6.5,20.5
2015-09,22.7,5.0,7.6,3.7,26.4,6.8,6.1,21.7
2015-08,24.0,4.9,7.1,3.7,25.3,7.1,6.8,21.1
2015-07,23.0,4.8,6.9,3.9,25.8,6.9,7.1,21.6
2015-06,25.8,4.9,7.1,3.7,28.4,6.6,6.6,16.9
2015-05,25.5,5.0,7.5,3.7,27.4,6.9,6.8,17.2
2015-04,25.8,5.1,6.4,4.0,28.3,7.0,7.0,16.4
2015-03,24.6,5.1,6.3,4.3,31.1,6.4,6.6,15.6
2015-02,24.0,4.7,6.6,4.6,31.0,6.6,7.0,15.5
2015-01,24.8,4.8,6.1,4.2,32.6,6.1,6.6,14.8
2014-12,25.5,5.3,6.3,4.0,31.7,5.8,7.1,14.3
2014-11,26.2,5.7,6.6,4.0,30.3,6.4,7.8,13.0
2014-10,25.4,5.6,6.0,4.1,30.3,6.4,8.4,13.8
2014-09,23.1,6.7,6.3,5.3,31.6,7.5,9.3,10.2
2014-08,23.0,6.7,5.2,4.5,32.1,7.2,10.6,10.7
2014-07,22.5,6.4,5.2,4.7,31.9,7.9,11.2,10.2
2014-06,22.4,6.5,5.3,4.2,32.3,7.7,11.8,9.8
2014-05,23.8,6.1,4.5,4.1,34.4,8.6,9.4,9.1
2014-04,24.3,6.2,4.1,3.6,34.0,8.4,10.1,9.3
2014-03,24.6,5.9,4.2,3.8,34.5,7.7,10.0,9.3
2014-02,24.3,5.9,4.1,3.9,33.7,8.5,9.4,10.2
2014-01,25.1,6.0,4.1,3.6,33.7,8.2,9.4,9.9
2013-12,25.2,5.9,4.3,4.0,33.8,7.2,9.4,10.2
2013-11,25.9,5.9,4.1,3.8,33.7,7.1,9.6,9.9
2013-10,26.0,5.2,4.2,3.9,34.1,6.7,8.8,11.1
2013-09,25.6,6.2,4.1,3.9,33.7,7.0,9.7,9.8
2013-08,26.9,5.4,4.2,4.1,32.2,6.8,9.8,10.6
2013-07,25.4,5.5,3.3,3.7,32.7,7.7,9.4,12.3
2013-06,27.3,6.1,3.9,4.0,33.5,6.8,9.7,8.7
2013-05,28.4,5.8,3.7,3.5,33.1,6.7,9.2,9.6
2013-04,28.5,6.1,3.9,3.8,33.8,6.2,8.9,8.8
2013-03,28.1,6.1,3.8,3.7,32.6,6.2,9.3,10.2
2013-02,29.6,6.1,3.5,3.6,31.6,6.1,9.3,10.2
2013-01,29.1,5.7,4.0,4.0,32.2,5.8,8.6,10.6
2012-12,29.5,5.6,4.3,3.7,33.3,5.9,8.7,9.0
2012-11,29.8,5.5,4.2,3.5,33.5,5.9,8.5,9.1
2012-10,29.7,5.9,4.4,3.5,33.4,6.3,8.5,8.3
2012-09,30.1,6.0,4.3,3.6,34.4,6.0,8.9,6.7
2012-08,28.7,6.1,4.4,3.6,34.5,5.9,9.6,7.2
2012-07,29.4,6.3,4.6,3.6,34.4,6.1,8.9,6.7
2012-06,29.4,5.8,4.8,3.7,36.3,5.6,8.4,6.0
2012-05,29.2,5.6,4.3,3.7,36.3,5.7,8.7,6.5
2012-04,30.3,5.4,4.5,3.6,35.3,6.0,9.0,5.9
2012-03,30.9,5.8,4.9,3.8,32.7,6.9,9.4,5.6
2012-02,33.1,5.8,5.1,3.8,27.1,8.4,10.5,6.2
2012-01,34.9,5.9,5.1,3.5,24.3,7.8,11.7,6.8
2011-12,34.6,6.0,5.5,3.9,26.5,6.0,11.5,6.0
2011-11,34.5,6.6,5.6,3.8,26.2,6.2,10.6,6.5
2011-10,32.4,6.5,5.4,4.0,30.4,5.6,9.7,6.0
2011-09,32.5,6.3,4.9,3.8,32.7,4.9,9.1,5.8
2011-08,32.3,6.8,4.4,3.4,33.2,4.5,9.4,6.0
2011-07,32.9,6.4,4.7,3.6,31.4,4.5,10.3,6.2
2011-06,31.5,6.6,4.5,4.0,33.0,4.7,9.6,6.1
2011-05,32.6,6.7,4.7,3.7,32.3,4.8,9.0,6.2
2011-04,33.7,6.5,4.7,3.6,30.9,5.1,9.2,6.3
2011-03,33.7,7.0,4.6,3.9,29.6,5.3,9.6,6.3
2011-02,35.1,7.2,4.5,4.0,29.2,5.2,8.8,6.0
2011-01,35.3,6.9,4.7,3.9,27.4,5.2,10.1,6.5
2010-12,34.0,7.1,5.5,3.8,28.5,5.1,9.6,6.4
2010-11,34.5,7.1,5.2,4.1,29.3,5.3,8.8,5.7
2010-10,33.2,7.7,5.5,4.5,29.8,5.0,8.9,5.4
2010-09,30.0,7.7,6.5,5.9,29.4,6.5,8.7,5.3
2010-08,31.9,7.1,5.1,5.5,30.9,5.4,9.4,4.7
2010-07,32.5,6.2,5.2,4.7,31.1,5.5,9.6,5.2
2010-06,32.0,6.1,4.9,4.5,32.1,5.6,10.3,4.5
2010-05,31.4,6.8,5.0,4.4,33.6,5.6,9.4,3.8
2010-04,29.0,6.5,5.0,4.4,34.5,5.3,10.4,4.9
2010-03,28.4,6.5,4.8,4.9,34.3,5.8,10.6,4.7
2010-02,28.8,6.7,5.0,4.4,34.8,5.5,10.0,4.8
2010-01,27.6,6.9,4.8,4.4,35.8,5.3,10.4,4.8
2009-12,27.0,7.0,5.3,4.6,35.4,5.5,9.9,5.3
2009-11,29.3,6.8,4.9,4.5,33.5,5.7,9.5,5.8
2009-10,28.5,7.4,5.5,4.6,35.5,5.6,8.5,4.4
2009-09,28.7,7.3,5.4,4.5,34.7,6.2,8.9,4.3
2009-08,27.9,8.0,6.1,4.4,34.2,6.3,9.2,3.9
2009-07,28.2,8.5,4.8,4.7,33.3,6.5,10.0,4.0
2009-06,29.4,7.2,5.6,4.4,36.1,5.8,7.9,3.6
2009-05,30.6,6.4,5.6,4.5,35.0,6.8,7.5,3.6
2009-04,33.0,6.4,5.7,3.9,34.0,6.5,7.0,3.5
2009-03,29.8,6.6,5.9,4.1,37.8,6.6,6.0,3.2
2009-02,28.1,7.3,5.7,4.3,38.2,5.9,7.2,3.3
2009-01,27.3,6.4,5.9,4.2,39.7,6.3,6.9,3.3
2008-12,26.3,6.4,5.9,4.5,41.0,6.3,6.5,3.1
2008-11,26.0,6.6,5.9,4.5,40.1,5.9,7.0,4.0
2008-10,25.2,6.6,6.2,3.8,42.4,6.1,6.3,3.4
2008-09,22.2,7.4,6.2,4.3,44.3,5.6,6.3,3.7
2008-08,22.7,6.9,6.1,4.3,43.8,5.8,6.4,4.0
2008-07,24.1,7.0,6.3,4.4,41.8,5.8,7.2,3.4
2008-06,22.8,7.0,6.3,4.6,43.9,5.7,6.3,3.4
2008-05,22.6,7.4,6.4,4.8,43.6,5.6,6.3,3.3
2008-04,23.6,7.3,6.3,4.7,43.0,5.7,6.4,3.0
2008-03,22.9,7.2,6.4,4.2,44.0,5.4,6.7,3.2
2008-02,22.3,7.2,6.3,4.2,45.0,5.7,6.2,3.1
2008-01,21.6,7.5,6.4,4.2,44.7,6.0,6.7,2.9
2007-12,22.7,6.5,6.2,4.4,45.8,5.3,5.8,3.3
2007-11,22.3,7.5,6.7,4.5,44.1,5.4,6.6,2.9
2007-10,24.0,7.9,6.3,3.9,43.6,5.1,5.9,3.3
2007-09,23.8,7.7,6.2,4.5,42.7,5.7,6.4,3.0
2007-08,25.3,6.5,6.4,4.4,41.4,6.0,6.5,3.5
2007-07,29.0,6.4,5.5,3.4,41.7,5.0,5.8,3.2
2007-06,25.3,6.2,6.6,4.4,43.1,5.3,6.0,3.1
2007-05,25.0,5.7,6.9,4.5,43.2,5.1,6.5,3.1
2007-04,26.2,5.3,6.4,4.8,43.5,5.0,5.8,3.0
2007-03,25.9,6.2,7.1,4.4,41.4,5.7,6.1,3.2
2007-02,26.1,5.9,6.6,5.1,41.4,5.9,6.3,2.7
2007-01,26.7,6.1,6.4,4.8,41.0,5.8,6.0,3.2
2006-12,25.9,6.9,7.0,5.6,40.7,5.5,5.8,2.6
2006-11,26.1,6.8,7.4,5.5,40.0,5.6,5.8,2.8
2006-10,27.6,7.9,7.3,5.8,36.6,5.9,6.0,2.9
2006-09,27.0,9.0,7.2,7.1,34.8,6.8,6.1,2.0
2006-08,28.4,10.7,6.1,6.4,37.3,5.4,5.7,NA
2006-07,29.3,10.4,6.9,6.0,37.3,5.4,4.7,NA
2006-06,27.7,10.4,6.1,5.8,38.7,6.1,5.2,NA
2006-05,27.9,10.5,5.8,5.5,38.0,6.9,5.4,NA
2006-04,29.4,10.2,5.6,5.8,37.8,5.8,5.4,NA
2006-03,30.1,10.6,6.1,5.2,37.2,5.8,5.0,NA
2006-02,29.8,10.7,5.8,5.2,36.9,6.2,5.4,NA
2006-01,31.0,9.9,6.3,4.5,36.8,6.1,5.4,NA
2005-12,28.7,11.1,6.5,5.1,37.9,5.8,4.9,NA
2005-11,30.3,10.7,6.6,4.3,37.1,5.7,5.3,NA
2005-10,32.3,9.9,6.0,4.6,36.1,6.0,5.1,NA
2005-09,31.9,10.1,6.4,4.7,35.8,6.3,4.8,NA
2005-08,31.0,12.2,6.4,5.2,33.9,6.1,5.2,NA
2005-07,37.0,10.1,6.7,4.5,30.4,6.4,4.9,NA
2005-06,29.5,12.4,6.5,4.8,34.6,7.1,5.1,NA
2005-05,29.8,13.0,5.9,5.2,34.3,7.1,4.7,NA
2005-04,30.4,12.8,6.2,4.9,33.1,6.5,6.1,NA
2005-03,28.8,13.5,5.7,5.1,33.8,7.0,6.1,NA
2005-02,26.7,12.8,6.2,4.6,37.1,6.7,5.9,NA
2005-01,28.0,12.4,6.6,4.2,36.5,7.2,5.1,NA
2004-12,24.9,12.2,6.7,5.4,38.2,7.7,4.9,NA
2004-11,26.0,11.9,6.4,4.8,37.7,7.5,5.7,NA
2004-10,28.4,11.4,6.2,4.4,36.7,7.8,5.1,NA
2004-09,26.0,12.0,6.8,5.1,35.0,9.6,5.5,NA
2004-08,23.8,11.7,6.5,5.9,36.0,10.1,6.0,NA
2004-07,21.7,12.6,6.7,6.2,36.9,9.9,6.0,NA
2004-06,22.3,11.7,6.8,5.8,37.7,10.5,5.2,NA
2004-05,21.9,12.3,5.8,5.9,39.2,10.1,4.8,NA
2004-04,23.5,11.5,6.1,5.1,39.0,9.4,5.4,NA
2004-03,21.6,12.5,6.0,6.2,39.1,9.4,5.2,NA
2004-02,21.6,13.2,6.0,6.3,37.9,10.1,4.9,NA
2004-01,22.1,12.6,6.2,6.3,37.9,9.9,5.0,NA
2003-12,20.9,13.5,6.9,6.9,37.6,9.4,4.8,NA
2003-11,21.6,13.8,6.8,6.9,37.3,8.8,4.8,NA
2003-10,19.2,13.1,6.6,7.3,39.3,8.9,5.6,NA
2003-09,19.4,14.7,6.9,6.7,37.1,9.9,5.3,NA
2003-08,18.9,13.6,6.6,7.5,38.9,9.2,5.3,NA
2003-07,18.0,14.5,7.0,6.7,38.9,9.6,5.3,NA
2003-06,17.6,14.6,6.9,8.0,38.6,9.1,5.2,NA
2003-05,18.5,15.1,6.0,7.3,38.9,9.1,5.1,NA
2003-04,16.5,14.4,6.5,7.5,41.6,8.3,5.2,NA
2003-03,17.1,14.0,5.6,8.8,42.1,7.8,4.6,NA
2003-02,16.4,14.5,5.6,8.7,42.5,7.4,4.9,NA
2003-01,17.6,15.2,6.4,7.3,40.9,8.5,4.1,NA
2002-12,16.6,14.4,5.8,8.0,41.9,9.2,4.1,NA
2002-11,15.5,14.8,6.0,8.3,41.9,8.7,4.8,NA
2002-10,15.1,14.8,6.4,8.0,43.0,8.6,4.1,NA
2002-09,19.4,11.9,5.5,10.7,37.5,10.3,4.7,NA
2002-08,21.5,7.7,5.7,11.1,39.5,10.2,4.3,NA
2002-07,22.7,4.7,5.6,9.9,43.2,9.9,4.0,NA
2002-06,22.5,5.3,5.6,9.2,43.3,10.2,3.9,NA
2002-05,22.9,4.7,5.4,9.0,43.7,10.3,4.0,NA
2002-04,23.0,4.5,5.3,8.6,43.9,10.9,3.8,NA
2002-03,22.8,4.5,5.8,8.9,43.8,10.5,3.7,NA
2002-02,23.0,4.9,5.3,9.2,43.5,10.5,3.6,NA
2002-01,23.4,4.8,5.4,9.0,41.8,12.3,3.3,NA
2001-12,24.2,5.1,6.0,9.5,39.6,11.8,3.8,NA
2001-11,25.5,4.9,6.0,9.3,38.0,12.1,4.2,NA
2001-10,25.0,4.6,6.3,10.5,37.4,12.6,3.6,NA
2001-09,25.9,4.7,6.2,10.7,36.3,12.5,3.7,NA
2001-08,24.1,4.5,7.8,10.3,36.0,13.4,3.9,NA
2001-07,23.7,5.4,8.2,10.8,34.7,12.9,4.3,NA
2001-06,24.4,4.8,7.7,10.1,36.0,13.2,3.8,NA
2001-05,24.3,5.0,7.6,10.3,36.1,12.3,4.4,NA
2001-04,24.3,5.0,6.8,10.2,36.0,13.3,4.4,NA
2001-03,24.9,4.8,5.3,10.6,35.1,13.9,5.4,NA
2001-02,25.7,4.1,4.6,11.3,35.0,13.6,5.7,NA
2001-01,24.5,4.9,4.5,11.7,36.0,13.6,4.8,NA
2000-12,24.8,5.3,4.5,11.9,34.8,14.4,4.3,NA
2000-11,25.0,4.7,4.4,12.0,34.2,15.0,4.7,NA
2000-10,26.4,5.4,3.9,11.6,33.5,14.7,4.5,NA
2000-09,25.7,4.9,4.1,13.3,31.4,15.7,4.9,NA
2000-08,26.2,4.9,4.7,12.4,32.6,14.3,4.9,NA
2000-07,25.8,5.1,4.7,11.6,33.6,14.3,4.9,NA
2000-06,25.4,5.2,4.7,10.9,34.7,14.3,4.8,NA
2000-05,26.6,5.3,4.7,10.6,33.9,13.7,5.2,NA
2000-04,26.3,5.8,4.6,10.5,33.7,13.9,5.2,NA
2000-03,25.8,5.1,4.9,11.1,34.2,13.3,5.6,NA
2000-02,25.8,5.1,4.5,10.8,34.8,13.7,5.3,NA
2000-01,25.6,5.3,4.3,11.6,34.2,13.3,5.7,NA
1999-12,25.9,5.7,4.2,10.7,34.2,13.1,6.2,NA
1999-11,25.8,5.3,4.7,10.9,35.4,12.4,5.5,NA
1999-10,26.8,4.8,4.2,11.3,32.8,14.0,6.1,NA
1999-09,26.3,5.2,4.2,10.9,34.8,13.0,5.6,NA
1999-08,25.7,5.8,4.3,10.9,34.5,13.3,5.5,NA
1999-07,25.4,5.6,4.5,11.1,33.4,14.2,5.8,NA
1999-06,25.0,5.4,4.7,11.3,32.4,15.0,6.2,NA
1999-05,27.1,4.4,4.6,11.8,33.2,14.1,4.8,NA
1999-04,25.0,4.7,4.9,13.3,33.6,12.9,5.6,NA
1999-03,26.4,4.4,4.2,13.2,33.7,12.6,5.5,NA
1999-02,25.0,4.7,4.4,13.1,34.3,12.1,6.4,NA
1999-01,25.2,4.7,4.5,12.1,35.4,12.3,5.8,NA
1998-12,25.8,5.0,4.9,10.7,35.8,11.9,5.9,NA
1998-11,25.0,4.6,4.8,11.8,36.4,12.3,5.1,NA
1998-10,23.9,5.2,5.1,11.2,35.8,13.1,5.7,NA
1998-09,25.2,5.5,5.6,8.7,37.4,12.1,5.5,NA
1998-08,26.5,6.9,5.7,6.4,37.8,11.1,5.6,NA
1998-07,27.0,6.6,5.8,5.6,38.3,10.7,6.0,NA
1998-06,27.5,6.4,5.8,4.9,38.7,10.3,6.4,NA
1998-05,28.2,6.6,6.1,4.6,39.2,9.3,6.0,NA
1998-04,27.0,7.0,6.7,4.8,38.9,9.7,5.9,NA
1998-03,28.0,7.2,6.2,5.5,37.1,9.9,6.1,NA
1998-02,28.2,7.0,5.4,5.0,37.9,9.9,6.6,NA
1998-01,30.6,6.0,5.4,3.7,38.0,10.1,6.2,NA
1997-12,30.6,6.4,5.9,4.4,38.0,9.2,5.5,NA
1997-11,30.1,6.6,6.2,4.7,38.4,8.6,5.4,NA
1997-10,32.3,6.2,5.8,4.1,36.7,8.7,6.2,NA
1997-09,34.5,5.9,5.4,3.9,35.5,9.1,5.7,NA
1997-08,34.6,7.0,5.9,3.7,32.6,10.1,6.1,NA
1997-07,33.4,6.4,6.0,3.7,33.4,10.4,6.7,NA
1997-06,32.3,5.9,6.1,3.7,34.1,10.6,7.3,NA
1997-05,31.6,5.9,6.3,4.5,34.1,10.7,6.9,NA
1997-04,35.0,6.0,5.7,4.0,30.3,11.6,7.4,NA
1997-03,33.9,6.2,6.1,4.6,28.3,13.6,7.3,NA
1997-02,31.6,6.2,6.6,4.5,29.2,14.0,7.9,NA
1997-01,29.6,5.6,7.7,4.8,29.7,14.6,8.0,NA
1996-12,29.3,5.8,6.9,4.6,30.6,14.3,8.5,NA
1996-11,26.5,6.5,6.9,4.8,34.8,12.7,7.8,NA
1996-10,27.8,6.4,6.9,4.8,34.6,11.8,7.7,NA
1996-09,26.9,7.2,7.0,4.3,35.3,12.0,7.3,NA
1996-08,26.7,6.9,7.6,3.5,35.4,12.1,7.8,NA
1996-07,27.2,6.7,7.2,3.2,35.3,12.5,7.9,NA
1996-06,27.8,6.4,6.8,2.9,35.2,12.9,8.0,NA
1996-05,25.9,6.0,6.7,3.6,37.0,12.1,8.7,NA
1996-04,26.8,5.6,6.8,3.2,38.2,11.4,8.0,NA
1996-03,28.3,5.5,6.6,3.1,38.0,11.4,7.1,NA
1996-02,29.9,5.7,6.6,2.8,33.2,13.7,8.1,NA
1996-01,30.8,5.0,6.1,3.4,31.7,12.4,10.6,NA
1995-12,30.7,5.6,6.7,2.5,30.7,13.8,10.0,NA
1995-11,26.5,5.3,6.8,3.4,33.2,12.3,12.5,NA
1995-10,26.0,5.2,7.2,3.1,34.3,12.2,12.0,NA
1995-09,25.3,5.8,7.4,3.4,36.1,11.9,10.1,NA
1995-08,26.2,6.3,7.5,3.2,38.1,12.1,6.6,NA
1995-07,26.2,6.8,7.8,3.2,36.2,13.4,6.4,NA
1995-06,26.1,7.3,8.1,3.3,34.2,14.8,6.2,NA
1995-05,25.7,7.2,8.4,3.8,35.2,13.7,6.0,NA
1995-04,27.1,7.6,7.6,3.3,38.0,10.5,5.9,NA
1995-03,25.6,8.0,7.7,3.0,41.6,8.5,5.6,NA
1995-02,25.2,7.5,7.3,3.6,40.8,9.4,6.2,NA
1995-01,25.7,6.2,7.7,3.1,42.7,8.4,6.2,NA
1994-12,24.8,6.5,7.9,3.9,44.9,6.9,5.1,NA
1994-11,23.6,6.7,7.7,3.9,45.1,6.5,6.5,NA
1994-10,24.6,6.7,7.5,3.2,47.0,5.4,5.6,NA
1994-09,21.7,7.1,7.6,5.0,46.8,5.8,6.0,NA
1994-08,21.9,6.3,8.3,4.4,51.0,4.6,3.5,NA
1994-07,22.4,6.5,7.9,4.3,51.3,4.3,3.3,NA
1994-06,23.0,6.6,7.5,4.2,51.6,4.1,3.0,NA
1994-05,22.1,6.9,7.8,4.5,51.6,4.2,2.9,NA
1994-04,22.6,7.2,8.5,4.1,51.0,3.6,3.0,NA
1994-03,22.4,7.0,8.0,4.5,50.5,4.5,3.1,NA
1994-02,22.1,6.3,8.2,4.7,51.6,4.0,3.1,NA
1994-01,21.6,6.6,7.2,5.1,52.4,4.1,3.0,NA
1993-12,21.6,8.1,7.0,4.8,51.4,3.8,3.3,NA
1993-11,20.9,7.2,7.0,4.7,53.6,3.8,2.8,NA
1993-10,21.2,7.9,7.1,4.6,53.0,3.8,2.4,NA
1993-09,21.9,6.9,7.8,4.8,53.6,3.0,2.0,NA
1993-08,20.1,8.1,8.6,4.3,53.1,3.6,2.2,NA
1993-07,20.4,7.3,8.5,4.3,53.2,3.9,2.4,NA
1993-06,20.7,6.5,8.5,4.3,53.2,4.2,2.6,NA
1993-05,20.8,7.8,6.8,4.8,53.1,3.7,3.0,NA
1993-04,20.8,7.8,6.5,4.9,53.1,3.7,3.2,NA
1993-03,20.6,7.9,7.3,4.7,52.8,4.1,2.6,NA
1993-02,20.8,6.2,8.0,5.9,52.8,3.8,2.5,NA
1993-01,21.2,6.1,6.6,5.0,54.9,3.7,2.5,NA
1992-12,22.4,6.8,7.2,5.4,51.6,4.1,2.5,NA
1992-11,23.3,7.5,7.2,4.9,50.7,3.7,2.7,NA
1992-10,23.3,7.1,7.4,4.8,50.1,3.9,3.4,NA
1992-09,20.9,7.2,7.6,5.3,52.1,3.4,3.5,NA
1992-08,22.9,7.2,8.0,5.2,49.0,3.4,4.3,NA
1992-07,23.3,7.2,7.9,5.5,48.8,3.3,4.0,NA
1992-06,23.7,7.2,7.8,5.9,48.4,3.2,3.8,NA
1992-05,22.4,7.4,7.5,5.7,50.6,3.4,3.0,NA
1992-04,24.0,7.0,6.7,5.8,48.3,4.0,4.2,NA
1992-03,25.0,7.9,7.0,6.8,46.2,3.9,3.2,NA
1992-02,24.5,9.5,7.0,6.8,45.3,3.7,3.2,NA
1992-01,26.2,8.8,6.9,6.8,43.7,3.8,3.8,NA
1991-12,25.2,8.6,7.7,7.5,43.1,4.1,3.8,NA
1991-11,24.7,9.5,8.8,7.2,41.9,4.5,3.4,NA
1991-10,23.9,9.7,8.6,7.9,41.7,4.3,3.9,NA
1991-09,22.7,11.5,9.8,8.8,38.1,5.6,3.5,NA
1991-08,22.0,12.1,9.4,8.6,38.8,5.8,3.3,NA
1991-07,22.6,11.7,9.4,9.5,37.3,6.0,3.5,NA
1991-06,23.2,11.3,9.5,10.5,35.5,6.3,3.7,NA
1991-05,25.7,11.0,10.8,8.4,34.8,6.2,3.1,NA
1991-04,25.6,12.6,9.6,8.6,31.7,7.8,4.1,NA
1991-03,26.8,11.7,9.8,9.2,32.3,6.5,3.7,NA
1991-02,27.3,13.7,8.3,6.8,32.5,7.5,3.9,NA
1991-01,24.4,14.2,11.5,7.1,32.4,6.7,3.7,NA
1990-12,27.6,13.8,8.8,7.6,32.1,5.7,4.4,NA
1990-11,28.3,12.4,10.4,6.9,31.2,6.5,4.3,NA
1990-10,27.0,12.3,10.5,5.9,32.4,7.3,4.6,NA
1990-09,26.0,14.2,10.8,4.6,32.2,7.7,4.5,NA
1990-08,25.2,13.0,12.2,4.7,34.5,6.5,3.9,NA
1990-07,25.2,13.0,11.3,4.3,34.1,7.2,4.9,NA
1990-06,25.3,13.0,10.3,3.8,33.8,8.0,5.8,NA
1990-05,26.3,12.6,11.4,3.7,33.3,7.7,5.0,NA
1990-04,25.8,13.4,11.2,3.7,32.9,7.2,5.8,NA
1990-03,23.7,12.5,11.9,3.7,34.3,7.8,6.1,NA
1990-02,23.6,13.6,11.5,3.6,33.8,8.8,5.1,NA
1990-01,25.7,13.2,10.2,3.5,34.3,7.0,6.1,NA
1989-12,23.5,12.6,10.4,2.9,36.7,7.3,6.6,NA
1989-11,24.1,12.7,11.0,3.0,36.5,7.0,5.7,NA
1989-10,21.3,12.9,10.9,3.1,38.8,6.6,6.4,NA
1989-09,21.4,13.6,11.2,2.9,38.3,6.2,6.4,NA
1989-08,20.7,12.9,12.8,2.9,38.8,6.4,5.5,NA
1989-07,19.9,12.8,12.1,3.1,39.6,6.7,5.8,NA
1989-06,19.1,12.8,11.5,3.3,40.3,7.0,6.0,NA
1989-05,20.3,12.2,12.3,2.7,39.7,6.5,6.3,NA
1989-04,18.5,12.3,11.4,3.3,42.9,5.4,6.2,NA
1989-03,18.7,12.6,11.0,3.1,42.9,5.5,6.2,NA
1989-02,18.4,13.0,12.0,3.4,42.5,5.3,5.4,NA
1989-01,19.1,11.6,11.6,2.5,44.5,5.6,5.1,NA
1988-12,18.4,11.9,12.6,3.2,43.5,4.8,5.6,NA
1988-11,17.9,12.0,12.1,2.7,44.1,5.4,5.8,NA
1988-10,17.2,12.1,12.6,3.1,44.8,4.7,5.5,NA
1988-09,16.5,14.6,10.5,2.7,44.9,4.0,6.8,NA
1988-08,15.8,17.1,8.4,2.3,45.1,3.2,8.1,NA
1988-07,17.0,17.6,8.7,1.7,44.9,3.7,6.4,NA
1988-06,18.2,18.1,8.9,1.0,45.0,4.2,4.6,NA
1988-05,20.6,15.2,9.0,1.0,43.2,4.5,6.5,NA
1988-04,18.5,16.4,8.6,1.1,46.1,3.3,6.0,NA
1988-03,17.4,16.5,8.3,2.2,46.3,3.5,5.8,NA
1988-02,18.8,16.6,9.6,1.3,44.7,4.1,4.9,NA
1988-01,17.1,18.7,9.9,1.2,44.5,3.7,4.9,NA
1987-12,20.2,17.2,9.0,0.9,42.6,3.6,6.5,NA
1987-11,19.8,16.0,9.4,1.2,43.1,4.2,6.3,NA
1987-10,21.0,16.1,7.7,1.2,44.4,3.7,5.9,NA
1987-09,18.8,15.8,7.5,1.0,46.0,4.6,6.3,NA
1987-08,17.2,16.6,9.1,1.1,46.0,4.1,5.9,NA
1987-07,17.7,16.2,9.0,1.2,45.1,4.6,6.2,NA
1987-06,18.1,15.8,8.9,1.2,44.5,5.0,6.5,NA
1987-05,18.6,15.8,9.6,1.0,42.9,4.0,8.1,NA
1987-04,16.9,17.1,8.3,1.5,46.2,4.2,5.8,NA
1987-03,18.5,17.1,9.4,1.4,45.5,3.6,4.5,NA
1987-02,18.1,17.6,9.4,1.2,45.3,4.5,3.9,NA
1987-01,20.2,17.7,8.6,1.9,45.1,3.5,3.0,NA
1986-12,20.9,17.5,9.6,1.5,46.4,4.1,NA,NA
1986-11,20.9,16.8,10.2,1.0,46.5,4.6,NA,NA
1986-10,20.8,17.8,8.1,2.0,46.7,4.6,NA,NA
1986-09,21.7,17.2,9.1,1.0,47.0,4.0,NA,NA
1986-08,20.4,19.4,9.2,1.5,45.9,3.6,NA,NA
1986-07,18.9,19.1,9.9,1.8,46.2,4.1,NA,NA
1986-06,17.3,18.9,10.7,2.0,46.5,4.6,NA,NA
1986-05,18.8,17.3,10.4,1.5,47.7,4.3,NA,NA
1986-04,15.7,22.3,7.6,1.5,47.8,5.1,NA,NA
1986-03,16.2,20.7,8.1,1.5,49.0,4.5,NA,NA
1986-02,18.3,24.4,7.6,1.5,43.1,5.1,NA,NA
1986-01,18.5,23.8,7.3,1.3,44.3,4.8,NA,NA
1985-12,18.7,23.2,7.1,1.0,45.5,4.5,NA,NA
1985-11,20.3,19.3,9.1,2.0,44.3,5.0,NA,NA
1985-10,19.4,24.0,6.6,1.5,43.9,4.6,NA,NA
1985-09,24.7,16.0,8.7,1.3,45.5,3.8,NA,NA
1985-08,28.8,8.6,10.1,2.0,45.4,5.1,NA,NA
1985-07,29.7,8.1,9.6,2.3,45.0,5.3,NA,NA
1985-06,30.6,7.7,9.2,2.6,44.3,5.6,NA,NA
1985-05,28.6,6.7,12.6,2.1,44.9,5.1,NA,NA
1985-04,28.8,8.6,10.6,3.0,43.4,5.6,NA,NA
1985-03,31.5,8.1,9.1,4.1,42.6,4.6,NA,NA
1985-02,30.8,9.2,10.3,2.6,42.5,4.6,NA,NA
1985-01,31.3,9.6,9.1,4.0,40.9,5.1,NA,NA
1984-12,29.3,10.6,12.1,2.5,39.4,6.1,NA,NA
1984-11,28.3,7.1,14.2,3.5,42.0,4.9,NA,NA
1984-10,27.4,9.1,12.7,3.6,43.1,4.1,NA,NA
1984-09,28.4,8.1,12.7,2.5,43.7,4.6,NA,NA
1984-08,29.0,8.3,13.5,0.0,44.0,5.2,NA,NA
1984-07,28.2,9.0,13.4,0.0,44.2,5.2,NA,NA
1984-06,27.3,9.8,13.4,0.0,44.3,5.2,NA,NA
1984-05,27.1,6.7,15.2,0.0,46.2,4.8,NA,NA
1984-04,27.7,8.2,13.8,0.0,44.7,5.6,NA,NA
1984-03,28.2,7.7,13.8,0.0,45.7,4.6,NA,NA
1984-02,28.9,9.3,13.9,0.0,43.8,4.1,NA,NA
1984-01,30.3,9.2,12.3,0.0,43.6,4.6,NA,NA
1983-12,30.8,9.7,11.8,0.0,42.1,5.6,NA,NA
1983-11,28.7,10.8,13.3,0.0,42.1,5.1,NA,NA
1983-10,30.6,8.3,14.5,0.0,41.4,5.2,NA,NA
1983-09,29.2,6.2,15.4,0.0,43.6,5.6,NA,NA
1983-08,30.6,5.7,15.0,0.0,43.5,5.2,NA,NA
1983-07,30.5,5.2,14.3,0.0,44.8,5.2,NA,NA
1983-06,30.4,4.7,13.6,0.0,46.1,5.2,NA,NA
1983-05,30.1,4.1,13.5,0.0,46.6,5.7,NA,NA
1983-04,30.4,4.1,13.9,0.0,46.4,5.2,NA,NA
1983-03,30.6,4.6,14.3,0.0,45.4,5.1,NA,NA
1983-02,30.1,4.1,12.4,0.0,47.7,5.7,NA,NA
1983-01,29.5,4.9,12.9,0.0,47.0,5.7,NA,NA
1982-12,28.9,5.7,13.4,0.0,46.3,5.7,NA,NA
1982-11,28.1,5.2,14.1,0.0,47.4,5.2,NA,NA
1982-10,26.6,5.2,14.6,0.0,48.4,5.2,NA,NA
1982-09,27.5,6.2,13.0,0.0,48.6,4.7,NA,NA
1982-08,28.5,7.3,11.4,0.0,48.7,4.1,NA,NA
1982-07,27.6,8.1,11.7,0.0,49.0,3.6,NA,NA
1982-06,26.7,8.9,12.0,0.0,49.3,3.1,NA,NA
1982-05,26.8,8.4,11.1,0.0,48.4,5.3,NA,NA
1982-04,26.7,7.3,11.0,0.0,50.8,4.2,NA,NA
1982-03,26.0,7.8,10.9,0.0,51.7,3.6,NA,NA
1982-02,29.0,7.8,9.3,0.0,49.2,4.7,NA,NA
1982-01,29.0,7.3,11.4,0.0,48.2,4.1,NA,NA
1981-12,29.0,6.2,11.4,0.0,48.7,4.7,NA,NA
1981-11,28.0,5.7,10.9,0.0,51.8,3.6,NA,NA
1981-10,26.9,5.7,10.9,0.0,52.4,4.1,NA,NA
1981-09,26.2,6.2,10.3,0.0,51.7,5.6,NA,NA
1981-08,27.3,6.2,11.3,0.0,51.1,4.1,NA,NA
1981-07,27.1,6.1,11.0,0.0,50.9,4.9,NA,NA
1981-06,26.9,6.1,10.7,0.0,50.7,5.6,NA,NA
1981-05,23.4,6.5,12.8,0.0,51.9,5.4,NA,NA
1981-04,25.0,7.1,12.2,0.0,49.6,6.1,NA,NA
1981-03,22.8,8.1,12.7,0.0,50.8,5.6,NA,NA
1981-02,22.8,7.6,13.2,0.0,51.3,5.1,NA,NA
1981-01,23.0,7.1,12.2,0.0,51.6,6.1,NA,NA
1980-12,25.8,8.2,12.4,0.0,48.4,5.2,NA,NA
1980-11,21.6,7.3,15.7,0.0,50.0,5.4,NA,NA
1980-10,24.5,6.6,12.8,0.0,50.5,5.6,NA,NA
1980-09,22.7,7.1,14.1,0.0,49.5,6.6,NA,NA
1980-08,24.2,8.1,13.1,0.0,48.5,6.1,NA,NA
1980-07,24.9,7.6,14.0,0.0,47.9,5.6,NA,NA
1980-06,25.5,7.1,14.8,0.0,47.5,5.1,NA,NA
1980-05,21.7,8.6,16.6,0.0,47.3,5.8,NA,NA
1980-04,24.9,7.1,16.8,0.0,45.1,6.1,NA,NA
1980-03,26.1,6.5,17.1,0.5,42.8,7.0,NA,NA
1980-02,24.6,8.0,16.1,1.0,42.8,7.5,NA,NA
1980-01,24.1,8.5,16.1,0.5,43.8,7.0,NA,NA
1979-12,22.1,9.5,16.1,1.5,44.8,6.0,NA,NA
1979-11,21.5,9.8,17.9,1.0,44.0,5.8,NA,NA
1979-10,22.6,9.5,17.6,1.0,43.8,5.5,NA,NA
1979-09,21.2,11.0,17.1,1.0,44.3,5.4,NA,NA
1979-08,19.7,12.4,16.6,1.0,45.1,5.2,NA,NA
1979-07,18.9,14.1,16.4,1.3,44.2,5.1,NA,NA
1979-06,18.2,15.7,16.2,1.5,43.3,5.1,NA,NA
1979-05,16.4,14.2,20.8,1.0,42.8,4.8,NA,NA
1979-04,16.7,15.7,19.2,1.0,43.4,4.0,NA,NA
1979-03,15.2,18.7,17.2,1.5,42.3,5.1,NA,NA
1979-02,15.7,14.0,19.9,1.0,44.6,4.8,NA,NA
1979-01,16.1,16.1,16.1,1.0,46.7,4.0,NA,NA
1978-12,14.1,15.2,17.2,1.0,47.4,5.1,NA,NA
1978-11,15.5,12.7,20.3,1.0,45.9,4.6,NA,NA
1978-10,16.1,14.1,17.1,1.0,46.7,5.0,NA,NA
1978-09,17.1,11.1,15.6,1.0,50.7,4.5,NA,NA
1978-08,16.8,10.7,17.8,1.5,49.1,4.1,NA,NA
1978-07,15.9,11.1,18.2,1.5,49.0,4.3,NA,NA
1978-06,15.1,11.6,18.6,1.5,48.7,4.5,NA,NA
1978-05,15.6,10.5,20.2,1.0,48.2,4.5,NA,NA
1978-04,16.1,12.1,18.6,1.0,48.2,4.0,NA,NA
1978-03,16.7,12.1,18.7,1.5,46.5,4.5,NA,NA
1978-02,15.6,10.6,19.1,1.5,47.7,5.5,NA,NA
1978-01,17.1,9.0,20.1,1.5,48.3,4.0,NA,NA
1977-12,16.0,9.4,21.0,1.3,48.2,4.1,NA,NA
1977-11,14.8,9.7,21.8,1.0,48.5,4.2,NA,NA
1977-10,15.7,10.6,20.7,1.0,47.5,4.5,NA,NA
1977-09,16.1,10.1,20.9,1.0,47.6,4.3,NA,NA
1977-08,16.6,9.5,21.1,1.0,47.8,4.0,NA,NA
1977-07,16.9,9.6,20.2,1.0,48.5,3.8,NA,NA
1977-06,17.2,9.6,19.2,1.0,49.5,3.5,NA,NA
1977-05,14.8,9.4,22.7,1.0,48.1,4.0,NA,NA
1977-04,15.7,10.6,20.7,1.0,49.5,2.5,NA,NA
1977-03,15.7,10.1,21.2,1.5,48.0,3.5,NA,NA
1977-02,15.6,11.1,22.1,1.0,46.2,4.0,NA,NA
1977-01,16.6,10.6,22.6,1.0,44.7,4.5,NA,NA
1976-12,16.1,12.1,22.1,1.5,44.2,4.0,NA,NA
1976-11,15.1,11.1,23.7,1.0,44.4,4.7,NA,NA
1976-10,15.1,12.1,23.6,1.5,43.2,4.5,NA,NA
1976-09,16.1,12.1,22.9,1.5,42.9,4.5,NA,NA
1976-08,17.1,12.1,22.1,1.5,42.7,4.5,NA,NA
1976-07,18.1,12.6,21.9,1.5,41.6,4.3,NA,NA
1976-06,19.1,13.1,21.6,1.5,40.7,4.0,NA,NA
1976-05,17.0,11.0,22.9,2.0,42.3,4.8,NA,NA
1976-04,19.7,12.1,22.7,2.0,39.0,4.5,NA,NA
1976-03,19.2,12.6,19.7,1.5,43.0,4.0,NA,NA
1976-02,15.7,10.3,23.3,1.5,44.4,4.8,NA,NA
1976-01,17.7,11.1,21.2,2.0,44.5,3.5,NA,NA
1975-12,16.7,10.0,22.6,2.0,44.4,4.3,NA,NA
1975-11,15.7,8.9,24.0,2.0,44.4,5.0,NA,NA
1975-10,17.6,7.5,23.1,2.0,44.8,5.0,NA,NA
1975-09,15.7,8.6,25.8,2.0,43.9,4.0,NA,NA
1975-08,16.0,8.1,25.9,2.0,43.5,4.5,NA,NA
1975-07,16.3,7.6,26.0,2.0,43.1,5.0,NA,NA
1975-06,16.6,7.0,26.1,2.0,42.8,5.5,NA,NA
1975-05,15.3,7.6,24.6,2.0,45.3,5.2,NA,NA
1975-04,16.2,6.8,24.6,2.3,45.2,4.9,NA,NA
1975-03,17.1,6.0,24.6,2.5,45.3,4.5,NA,NA
1975-02,16.7,6.6,24.2,2.0,45.4,5.1,NA,NA
1975-01,16.1,8.0,23.1,2.5,45.3,5.0,NA,NA
1974-12,17.1,7.5,23.6,2.0,44.8,5.0,NA,NA
1974-11,14.7,8.5,25.3,1.5,44.9,5.1,NA,NA
1974-10,15.1,8.0,25.1,2.0,44.8,5.0,NA,NA
1974-09,15.6,8.0,24.6,2.0,44.3,5.5,NA,NA
1974-08,16.1,8.1,24.2,2.0,44.2,5.4,NA,NA
1974-07,16.6,8.1,23.7,2.0,44.4,5.2,NA,NA
1974-06,17.2,8.1,23.2,2.0,44.4,5.1,NA,NA
1974-05,14.3,8.0,26.0,2.0,44.6,5.1,NA,NA
1974-04,16.1,6.5,26.6,2.0,43.8,5.0,NA,NA
1974-03,16.0,6.5,28.0,1.5,42.5,5.5,NA,NA
1974-02,15.6,6.5,28.6,1.8,41.7,5.8,NA,NA
1974-01,15.2,6.6,29.3,2.0,40.8,6.1,NA,NA
1973-12,14.6,7.0,28.1,2.5,42.8,5.0,NA,NA
1973-11,14.0,8.6,26.8,2.0,43.7,4.9,NA,NA
1973-10,14.1,8.0,27.6,1.5,43.3,5.5,NA,NA
1973-09,14.4,9.6,26.4,1.8,42.3,5.5,NA,NA
1973-08,14.6,11.1,25.3,2.0,41.4,5.6,NA,NA
1973-07,14.9,10.6,25.7,2.3,41.2,5.3,NA,NA
1973-06,15.1,10.1,26.1,2.5,41.2,5.0,NA,NA
1973-05,13.1,12.3,26.2,1.5,41.6,5.3,NA,NA
1973-04,14.1,10.1,28.3,1.5,41.5,4.5,NA,NA
1973-03,12.6,12.1,27.3,1.5,42.0,4.5,NA,NA
1973-02,11.6,13.2,26.8,1.0,42.3,5.1,NA,NA
1973-01,11.1,12.6,28.1,1.5,43.2,3.5,NA,NA
1972-12,10.6,14.1,27.6,2.0,41.2,4.5,NA,NA
1972-11,10.9,13.6,27.2,1.5,41.1,5.7,NA,NA
1972-10,10.1,12.6,29.1,1.5,41.7,5.0,NA,NA
1972-09,10.1,12.1,28.6,1.5,42.7,5.0,NA,NA
1972-08,10.2,12.6,28.8,1.7,41.5,5.2,NA,NA
1972-07,10.4,13.1,29.0,1.8,40.3,5.4,NA,NA
1972-06,10.6,13.6,29.1,2.0,39.2,5.5,NA,NA
1972-05,10.3,13.8,28.6,2.0,40.3,5.0,NA,NA
1972-04,10.1,14.1,28.1,2.0,41.2,4.5,NA,NA
1972-03,10.3,13.6,28.6,2.0,40.5,5.0,NA,NA
1972-02,10.6,13.1,29.1,2.0,39.7,5.5,NA,NA
1972-01,10.1,14.1,26.1,2.0,42.2,5.5,NA,NA
1971-12,10.1,15.3,24.4,2.3,42.6,5.3,NA,NA
1971-11,10.1,16.6,22.6,2.5,43.2,5.0,NA,NA
1971-10,10.1,17.7,22.7,2.0,43.0,4.5,NA,NA
1971-09,11.1,15.6,22.1,2.5,43.7,5.0,NA,NA
1971-08,11.2,15.8,22.0,2.3,43.7,5.0,NA,NA
1971-07,11.4,16.0,21.8,2.2,43.6,5.0,NA,NA
1971-06,11.6,16.2,21.7,2.0,43.4,5.1,NA,NA
1971-05,11.3,15.8,22.4,1.8,43.7,5.0,NA,NA
1971-04,10.9,15.4,23.0,1.7,44.0,5.0,NA,NA
1971-03,10.6,15.1,23.6,1.5,44.2,5.0,NA,NA
1971-02,9.8,15.6,23.6,1.8,43.9,5.3,NA,NA
1971-01,9.0,16.1,23.6,2.0,43.8,5.5,NA,NA
1970-12,10.1,15.6,22.1,2.0,44.7,5.5,NA,NA
1970-11,10.1,16.1,22.6,2.0,44.2,5.0,NA,NA
1970-10,10.6,16.6,21.6,1.5,45.7,4.0,NA,NA
1970-09,10.6,17.1,20.4,1.5,47.4,3.0,NA,NA
1970-08,10.6,17.7,19.2,1.5,49.0,2.0,NA,NA
1970-07,11.1,17.4,18.4,1.3,49.5,2.3,NA,NA
1970-06,11.6,17.1,17.6,1.0,50.2,2.5,NA,NA
1970-05,11.6,18.1,16.1,1.0,50.2,3.0,NA,NA
1970-04,11.6,17.1,17.1,1.0,50.7,2.5,NA,NA
1970-03,10.1,17.1,17.6,1.5,51.2,2.5,NA,NA
1970-02,10.1,17.1,18.6,1.0,50.7,2.5,NA,NA
1970-01,10.1,16.1,19.6,1.0,50.2,3.0,NA,NA
1969-12,10.1,15.1,16.6,1.0,54.2,3.0,NA,NA
1969-11,11.1,15.1,17.1,1.5,53.2,2.0,NA,NA
1969-10,11.6,15.1,17.6,1.5,52.2,2.0,NA,NA
1969-09,11.5,13.5,18.0,1.0,54.0,2.0,NA,NA
1969-08,13.0,13.5,18.5,0.5,52.5,2.0,NA,NA
1969-07,12.8,13.5,18.3,0.5,52.6,2.3,NA,NA
1969-06,12.6,13.6,18.1,0.5,52.7,2.5,NA,NA
1969-05,12.5,14.0,19.5,0.5,50.5,3.0,NA,NA
1969-04,12.6,14.1,19.1,1.0,51.7,1.5,NA,NA
1969-03,12.5,16.0,17.5,1.0,50.5,2.5,NA,NA
1969-02,12.1,14.1,18.1,1.0,52.7,2.0,NA,NA
1969-01,14.0,13.0,18.0,0.5,51.5,3.0,NA,NA
1968-12,13.9,12.9,17.4,1.0,51.3,3.5,NA,NA
1968-11,14.1,12.6,19.1,1.0,50.7,2.5,NA,NA
1968-10,14.5,12.5,19.5,1.0,50.5,2.0,NA,NA
1968-09,14.5,16.0,17.0,1.5,46.0,5.0,NA,NA
1968-08,13.6,19.2,14.1,1.0,48.1,4.0,NA,NA
1968-07,14.6,19.6,14.1,1.0,45.9,4.8,NA,NA
1968-06,15.5,20.0,14.0,1.0,44.0,5.5,NA,NA
1968-05,14.6,19.6,14.1,1.5,45.2,5.0,NA,NA
1968-04,16.1,18.1,16.1,1.5,42.7,5.5,NA,NA
1968-03,15.0,20.5,14.5,1.0,43.0,6.0,NA,NA
1968-02,15.5,20.0,14.0,1.5,43.0,6.0,NA,NA
1968-01,17.0,18.5,15.0,1.0,42.5,6.0,NA,NA
1967-12,17.4,20.4,14.4,0.5,42.3,5.0,NA,NA
1967-11,16.0,19.5,15.0,1.5,42.0,6.0,NA,NA
1967-10,16.6,19.1,17.1,1.0,41.7,4.5,NA,NA
1967-09,16.4,18.9,16.4,1.0,41.3,6.0,NA,NA
1967-08,15.4,21.4,14.4,1.5,42.3,5.0,NA,NA
1967-07,15.9,20.6,14.9,1.2,42.4,5.0,NA,NA
1967-06,16.3,19.8,15.3,1.0,42.6,5.0,NA,NA
1967-05,16.5,20.5,14.0,1.0,42.0,6.0,NA,NA
1967-04,16.0,20.0,15.0,1.0,42.5,5.5,NA,NA
1967-03,16.0,20.5,16.0,1.0,40.5,6.0,NA,NA
